"","V1","V2","V3","V4","V5","V6","V7","V8","V9","V10","V11","V12","V13","V14","V15","V16","V17","V18","V19","V20","V21","V22","V23","V24","V25","V26","V27","V28","V29","V30","V31","V32","V33","V34","V35","V36","V37","V38","V39","V40","V41","V42","V43","V44","V45","V46","V47","V48","V49","V50","V51","V52","V53","V54","V55","V56","V57","V58","V59","V60","V61","V62","V63","V64","V65","V66","V67","V68","V69","V70","V71","V72","V73","V74","V75","V76","V77","V78","V79","V80","V81","V82","V83","V84","V85","V86","V87","V88","V89","V90","V91","V92","V93","V94","V95","V96","V97","V98","V99","V100"
"1",49,52,7,11,3,14,15,25,11,15,26,40,16,7,11,28,9,51,8,3,6,10,16,15,3,11,7,25,21,35,19,50,3,15,44,16,6,10,8,14,19,22,28,10,7,42,17,21,73,12,24,17,8,71,51,2,24,21,6,21,8,107,20,14,14,9,20,5,26,53,19,41,5,6,24,32,10,25,6,12,4,15,5,4,6,16,5,9,28,5,18,5,61,53,5,34,8,35,34,79
"2",10,32,5,8,32,49,170,34,7,35,12,144,11,24,51,6,21,18,21,39,8,32,72,11,14,16,19,8,34,16,18,6,33,33,3,46,12,42,7,17,55,27,67,32,113,33,6,15,20,9,11,110,8,8,4,6,69,6,7,15,10,13,82,15,34,32,52,3,6,13,10,31,18,9,76,3,17,23,12,19,23,10,6,6,25,18,43,9,35,8,49,8,6,29,27,9,5,7,25,42
"3",166,252,23,33,8,25,60,81,8,93,15,25,11,138,22,27,52,13,20,19,8,64,51,19,66,12,32,13,24,21,24,25,126,12,19,83,33,100,50,10,378,21,24,13,20,50,13,56,82,72,15,10,143,18,13,145,16,202,110,98,122,12,87,21,12,60,13,6,13,17,28,70,34,12,99,28,99,9,14,99,20,27,8,80,21,90,13,21,197,107,17,111,17,83,96,12,15,16,78,18
"4",44,21,377,12,80,122,24,28,12,75,13,12,94,704,184,172,147,30,20,18,220,92,26,322,89,253,78,72,27,125,34,12,22,162,303,88,147,171,36,17,78,23,33,42,66,239,43,127,44,19,562,183,12,25,267,476,68,38,37,73,697,51,83,205,22,65,121,165,28,12,39,20,65,44,20,355,183,14,46,26,154,73,34,294,164,197,47,44,105,38,92,285,31,16,164,212,50,318,259,46
"5",156,174,50,133,85,244,871,353,62,123,513,171,26,97,96,212,212,1148,238,33,75,521,41,102,250,86,170,92,126,347,191,85,105,1102,31,43,390,48,271,763,145,402,187,75,85,49,37,83,106,86,204,264,110,127,187,97,344,85,20,151,209,225,128,128,248,411,846,187,97,86,142,38,103,409,154,633,41,83,262,36,24,312,57,623,333,117,60,24,135,38,221,122,306,446,969,447,396,252,130,652
"6",1363,322,120,767,128,123,66,132,222,1606,96,258,341,66,89,1239,902,68,310,46,451,490,159,88,222,144,67,38,71,241,218,207,655,374,385,146,140,68,255,502,147,913,444,476,79,135,477,924,133,1437,1355,614,877,358,109,84,224,105,192,399,217,209,285,632,111,124,85,139,233,313,477,60,87,1601,223,366,123,86,300,75,232,63,85,280,81,55,78,316,85,111,216,1310,601,85,129,687,647,360,700,653
"7",729,260,237,202,209,651,904,236,233,964,95,692,155,2546,185,236,1630,332,218,231,119,255,1205,1378,264,651,278,1047,350,119,97,931,85,257,203,278,482,825,233,566,1926,591,292,886,1475,236,238,234,221,309,1712,1035,212,1578,968,1731,1154,177,1112,1535,1098,148,234,227,232,85,200,232,117,277,278,261,1833,2868,2250,2574,1573,277,174,1350,98,106,1677,124,1170,122,1297,1395,265,1994,2475,140,605,231,266,3750,301,171,269,230
"8",278,278,1369,278,278,218,305,726,148,1539,377,278,2157,4793,278,278,232,278,595,432,236,277,185,755,271,261,2855,238,203,2712,150,746,278,149,261,230,463,320,8636,235,233,287,263,7581,2286,2254,259,327,3259,6209,155,2335,278,1122,278,275,278,1176,278,592,112,278,273,916,5785,1965,235,278,393,2195,5797,4980,2580,3853,278,152,908,258,278,1062,575,278,158,278,278,1627,528,1473,1274,270,452,277,2334,263,194,2756,145,762,218,278
"9",4034,3479,278,4966,531,1203,278,27243,4611,279,737,8794,3417,750,259,5492,915,1010,3495,274,751,312,4871,6942,4944,7144,19254,3000,1101,3440,575,560,948,278,6235,260,2244,539,5237,2232,359,8221,10023,278,277,278,534,590,587,415,637,278,751,755,330,2161,2460,4242,278,327,2981,1801,347,527,277,483,5563,278,750,278,751,286,316,278,5150,434,358,278,295,587,1560,751,1136,1802,571,1150,263,493,11519,6789,5670,278,2488,315,8844,487,278,742,3720,2122
