"","V1","V2","V3","V4","V5","V6","V7","V8","V9","V10","V11","V12","V13","V14","V15","V16","V17","V18","V19","V20","V21","V22","V23","V24","V25","V26","V27","V28","V29","V30","V31","V32","V33","V34","V35","V36","V37","V38","V39","V40","V41","V42","V43","V44","V45","V46","V47","V48","V49","V50","V51","V52","V53","V54","V55","V56","V57","V58","V59","V60","V61","V62","V63","V64","V65","V66","V67","V68","V69","V70","V71","V72","V73","V74","V75","V76","V77","V78","V79","V80","V81","V82","V83","V84","V85","V86","V87","V88","V89","V90","V91","V92","V93","V94","V95","V96","V97","V98","V99","V100"
"1",3,2,4,2,3,9,2,5,2,5,2,2,1,2,7,5,4,5,2,1,3,2,2,2,2,2,2,2,2,3,2,2,4,2,1,3,10,4,2,2,2,2,2,2,4,4,3,5,4,1,2,4,2,2,1,2,2,2,1,2,2,2,2,2,5,2,5,2,8,2,6,2,1,2,2,2,2,4,2,2,5,10,2,2,2,1,2,2,2,2,5,1,2,1,2,2,2,2,4,2
"2",2,3,11,2,2,5,8,8,2,5,2,10,5,2,7,4,1,3,2,2,12,2,11,13,2,5,3,18,5,5,6,11,9,9,4,2,2,2,2,2,2,2,10,2,8,2,2,4,2,5,2,1,2,3,2,6,5,6,6,2,11,4,6,2,10,6,2,2,2,2,2,5,1,3,8,21,5,10,6,2,14,5,5,1,4,2,2,7,2,10,5,6,2,7,2,11,2,1,2,2
"3",8,19,11,12,4,6,10,7,5,6,6,8,7,5,14,7,13,5,41,16,11,7,11,16,10,5,10,7,15,14,5,8,7,27,7,5,5,17,2,11,2,19,11,12,5,17,10,8,15,10,11,6,12,14,5,11,2,27,18,4,10,11,13,25,5,7,2,4,2,2,5,4,14,5,11,14,3,12,11,2,11,5,13,6,7,13,23,8,16,14,7,11,6,3,6,19,14,14,18,10
"4",6,19,23,50,37,36,46,14,12,55,14,36,70,17,41,84,42,22,72,11,56,66,25,69,12,37,17,42,26,11,56,59,7,19,15,7,34,81,59,13,34,84,27,14,8,15,23,11,19,14,63,27,18,28,14,18,3,14,8,87,42,21,25,39,58,37,73,17,12,13,46,12,39,60,35,10,7,26,26,51,20,26,14,32,58,14,15,7,34,22,36,10,40,28,16,10,19,74,46,36
"5",69,159,114,13,39,23,56,42,42,30,51,63,62,114,41,26,95,60,52,15,25,81,79,77,22,31,21,74,78,96,16,30,25,15,50,19,123,151,59,17,45,111,28,64,53,34,73,87,129,51,51,48,95,77,37,37,15,62,112,70,29,26,77,70,71,40,62,15,57,89,46,146,37,114,111,88,26,127,51,32,41,130,29,52,35,38,88,41,42,64,51,84,86,35,77,88,87,113,33,43
"6",139,147,113,59,127,110,154,22,150,80,46,111,156,58,53,121,75,132,199,136,98,127,80,92,127,124,100,51,57,224,42,88,132,50,159,111,80,105,63,138,112,163,127,114,45,102,89,202,114,98,81,20,74,118,116,66,132,92,192,179,77,88,77,181,46,129,127,108,88,61,192,111,131,271,103,129,71,88,110,131,127,127,89,114,124,110,114,192,138,52,114,50,41,90,129,41,88,192,78,125
"7",287,224,111,113,358,157,163,215,203,114,175,293,132,124,159,224,129,213,327,223,163,129,195,114,196,158,115,163,127,151,269,85,129,354,129,95,156,290,111,129,125,141,192,194,133,200,224,224,222,155,129,159,159,163,181,173,158,165,221,159,163,192,159,234,88,160,115,131,145,214,222,154,233,125,113,164,224,636,170,163,221,114,114,389,286,224,180,57,168,196,79,109,280,110,88,114,413,165,93,200
"8",505,284,389,400,1421,549,527,273,224,223,601,389,224,554,354,274,255,200,192,495,365,194,176,194,523,378,291,341,448,497,309,712,552,532,435,201,504,362,226,365,860,227,729,389,221,131,138,192,179,318,389,225,289,902,172,128,437,221,387,365,129,293,387,199,389,389,265,212,329,484,162,623,215,332,615,296,163,191,514,222,213,218,495,486,256,220,463,492,184,129,513,215,355,188,514,856,805,193,295,636
"9",273,872,1459,1707,940,436,222,495,1331,1159,615,498,1192,574,783,856,931,552,435,1159,560,435,385,527,1026,484,437,266,200,600,256,797,980,643,434,407,565,1280,246,227,936,698,475,552,1887,978,993,979,273,584,561,273,1683,964,389,832,464,1216,632,665,843,230,807,434,724,163,710,408,400,1105,597,563,865,626,1525,762,293,434,903,389,350,659,291,336,395,485,1133,1313,374,299,387,389,992,602,1098,331,843,608,528,923
